4.000000000000000000e+02 1.000000000000000000e+00 1.000000000000000056e-01 3.058017727996376607e+02 7.068349679324543899e+01 3.980227024533735971e+02 3.090912570445486267e+02 7.276416983452354259e+01 4.036474944887508514e+02 0.000000000000000000e+00 0.000000000000000000e+00 0.000000000000000000e+00 0.000000000000000000e+00 0.000000000000000000e+00 0.000000000000000000e+00
4.000000000000000000e+02 1.000000000000000000e+00 1.000000000000000056e-01 2.909283632474965202e+02 9.439245412508293498e+01 4.094341778508899097e+02 2.844451795993052770e+02 8.992323516935564953e+01 3.972733985329224424e+02 0.000000000000000000e+00 0.000000000000000000e+00 0.000000000000000000e+00 0.000000000000000000e+00 0.000000000000000000e+00 0.000000000000000000e+00
4.000000000000000000e+02 1.000000000000000000e+00 1.000000000000000056e-01 2.787383230810710870e+02 8.557551561863836298e+01 3.860928147030467130e+02 2.824042325487370704e+02 8.861920896423961835e+01 3.937550170868021837e+02 0.000000000000000000e+00 0.000000000000000000e+00 0.000000000000000000e+00 0.000000000000000000e+00 0.000000000000000000e+00 0.000000000000000000e+00
4.000000000000000000e+02 1.000000000000000000e+00 1.000000000000000056e-01 3.031071217066103713e+02 6.806185465278581148e+01 3.903359434457566977e+02 3.068516995814374582e+02 6.968358445820958025e+01 3.958001839647943711e+02 0.000000000000000000e+00 0.000000000000000000e+00 0.000000000000000000e+00 0.000000000000000000e+00 0.000000000000000000e+00 0.000000000000000000e+00
4.000000000000000000e+02 1.000000000000000000e+00 1.000000000000000056e-01 3.109639338501057182e+02 7.014536240549594481e+01 4.010346882477779786e+02 3.105725433163550520e+02 6.968654822467102861e+01 4.001024495551498035e+02 0.000000000000000000e+00 0.000000000000000000e+00 0.000000000000000000e+00 0.000000000000000000e+00 0.000000000000000000e+00 0.000000000000000000e+00
4.000000000000000000e+02 1.000000000000000000e+00 1.000000000000000056e-01 3.136956346762657404e+02 7.014799652235691951e+01 4.023586097455873869e+02 3.089451575691030030e+02 6.956354141079519593e+01 3.981506691059324794e+02 0.000000000000000000e+00 0.000000000000000000e+00 0.000000000000000000e+00 0.000000000000000000e+00 0.000000000000000000e+00 0.000000000000000000e+00
4.000000000000000000e+02 1.000000000000000000e+00 1.000000000000000056e-01 3.112852132776176290e+02 7.006881031444484620e+01 4.014302228963354082e+02 3.052354472782681114e+02 6.885909373614775575e+01 3.932732485671452309e+02 0.000000000000000000e+00 0.000000000000000000e+00 0.000000000000000000e+00 0.000000000000000000e+00 0.000000000000000000e+00 0.000000000000000000e+00
4.000000000000000000e+02 1.000000000000000000e+00 1.000000000000000056e-01 3.053358802008113457e+02 6.910359350215118468e+01 3.936301449183127943e+02 3.073702254560779465e+02 6.926190216523545473e+01 3.961266608870532195e+02 0.000000000000000000e+00 0.000000000000000000e+00 0.000000000000000000e+00 0.000000000000000000e+00 0.000000000000000000e+00 0.000000000000000000e+00
4.000000000000000000e+02 1.000000000000000000e+00 1.000000000000000056e-01 3.079736042421992011e+02 6.878535577611374663e+01 3.965770271860013167e+02 3.119428403563751431e+02 7.032478473964128796e+01 4.025255106474131139e+02 0.000000000000000000e+00 0.000000000000000000e+00 0.000000000000000000e+00 0.000000000000000000e+00 0.000000000000000000e+00 0.000000000000000000e+00
4.000000000000000000e+02 1.000000000000000000e+00 1.000000000000000056e-01 3.132690071380411609e+02 7.031598614696284244e+01 4.017041779330342024e+02 3.068867323939726930e+02 6.897294895475071996e+01 3.952837137958991320e+02 0.000000000000000000e+00 0.000000000000000000e+00 0.000000000000000000e+00 0.000000000000000000e+00 0.000000000000000000e+00 0.000000000000000000e+00
4.000000000000000000e+02 1.000000000000000000e+00 1.000000000000000056e-01 3.122508544812447440e+02 6.972639505259959947e+01 3.997711240256696215e+02 3.122826364785555029e+02 7.066388732875191181e+01 4.029181729470859068e+02 0.000000000000000000e+00 0.000000000000000000e+00 0.000000000000000000e+00 0.000000000000000000e+00 0.000000000000000000e+00 0.000000000000000000e+00
7.000000000000000000e+02 1.000000000000000000e+00 1.000000000000000056e-01 5.773423108524380041e+02 1.205024499972675329e+02 7.150406376570243765e+02 5.301471466777559272e+02 1.154455604673114806e+02 6.959980191883709040e+02 0.000000000000000000e+00 0.000000000000000000e+00 0.000000000000000000e+00 0.000000000000000000e+00 0.000000000000000000e+00 0.000000000000000000e+00
