1.000000000000000000e+02 1.000000000000000000e+00 0.000000000000000000e+00 9.791683698312711215e+01 0.000000000000000000e+00 9.991329908229566570e+01 9.803620349126690314e+01 0.000000000000000000e+00 1.000335188610659429e+02 3.193795129399673582e-01 0.000000000000000000e+00 3.342836963872676259e-01 2.331130902212017464e-01 0.000000000000000000e+00 2.424013079250835201e-01
2.000000000000000000e+02 1.000000000000000000e+00 0.000000000000000000e+00 1.919661391543639013e+02 0.000000000000000000e+00 1.998222438091516437e+02 1.921881181665672500e+02 0.000000000000000000e+00 2.000488388171790746e+02 6.044138615074455823e-01 0.000000000000000000e+00 6.508552051291333074e-01 4.514680145285999147e-01 0.000000000000000000e+00 4.823717094095341107e-01
3.000000000000000000e+02 1.000000000000000000e+00 0.000000000000000000e+00 2.827567818155146142e+02 0.000000000000000000e+00 2.997234626300293598e+02 2.830683971068770575e+02 0.000000000000000000e+00 3.000459201055587073e+02 8.647164880018785027e-01 0.000000000000000000e+00 9.539623637847897131e-01 6.582314351432243527e-01 0.000000000000000000e+00 7.201242893519169685e-01
4.000000000000000000e+02 1.000000000000000000e+00 0.000000000000000000e+00 3.707653889565319218e+02 0.000000000000000000e+00 3.996161983292694799e+02 3.711561121946787694e+02 0.000000000000000000e+00 4.000259262379195206e+02 1.105278529865617365e+00 0.000000000000000000e+00 1.245814586310267202e+00 8.548605502090449448e-01 0.000000000000000000e+00 9.554624547436102455e-01
5.000000000000000000e+02 1.000000000000000000e+00 0.000000000000000000e+00 4.563684126001831487e+02 0.000000000000000000e+00 4.995002379205757848e+02 4.568295628251761968e+02 0.000000000000000000e+00 4.999900207231373201e+02 1.329509327736389857e+00 0.000000000000000000e+00 1.527921898692061076e+00 1.042414636414494389e+00 0.000000000000000000e+00 1.188196767214548366e+00
6.000000000000000000e+02 1.000000000000000000e+00 0.000000000000000000e+00 5.398673908890698385e+02 0.000000000000000000e+00 5.993755581035776459e+02 5.403917317977466155e+02 0.000000000000000000e+00 5.999392285154345927e+02 1.539937037321181590e+00 0.000000000000000000e+00 1.801412023877821955e+00 1.221782205570252966e+00 0.000000000000000000e+00 1.418202194440245645e+00
7.000000000000000000e+02 1.000000000000000000e+00 0.000000000000000000e+00 6.215073207263673112e+02 0.000000000000000000e+00 6.992422134277429677e+02 6.220887625603124889e+02 0.000000000000000000e+00 6.998744276734510095e+02 1.738517822273405011e+00 0.000000000000000000e+00 2.067171153922152893e+00 1.393738555050693551e+00 0.000000000000000000e+00 1.645414256209528636e+00
8.000000000000000000e+02 1.000000000000000000e+00 0.000000000000000000e+00 7.014899404359481423e+02 0.000000000000000000e+00 7.991002930176978225e+02 7.021233124021974845e+02 0.000000000000000000e+00 7.997963680909482491e+02 1.926806530923329985e+00 0.000000000000000000e+00 2.325919670690021590e+00 1.558965765435104567e+00 0.000000000000000000e+00 1.869814483233056768e+00
9.000000000000000000e+02 1.000000000000000000e+00 0.000000000000000000e+00 7.799834127108588291e+02 0.000000000000000000e+00 8.989499016410213699e+02 7.806642868940261906e+02 0.000000000000000000e+00 8.997056935357054499e+02 2.106063127341798680e+00 0.000000000000000000e+00 2.578257537067756733e+00 1.718064304480567017e+00 0.000000000000000000e+00 2.091416832242380952e+00
1.000000000000000000e+03 1.000000000000000000e+00 0.000000000000000000e+00 8.571294744131844254e+02 0.000000000000000000e+00 9.987911506649691091e+02 8.578540282735549454e+02 0.000000000000000000e+00 9.996029611028599220e+02 2.277324177944298977e+00 0.000000000000000000e+00 2.824693649385102923e+00 1.871562725848319397e+00 0.000000000000000000e+00 2.310257209245938359e+00
1.000000000000000000e+02 1.000000000000000000e+00 1.000000000000000056e-01 7.941159312296811379e+01 1.911186672944533171e+01 9.990588304520252905e+01 7.949233456592433811e+01 1.912819326927860075e+01 1.000036581991694504e+02 2.131283447447353818e-01 5.794815589176217224e-02 2.740784993242763590e-01 1.724094950714354091e-01 4.961758860886258254e-02 2.276347955072220153e-01
2.000000000000000000e+02 1.000000000000000000e+00 1.000000000000000056e-01 1.567836752742190924e+02 3.736743377959674461e+01 1.998064899381972737e+02 1.569337707466972631e+02 3.739986358771301411e+01 1.999924441101842092e+02 4.051762508981319177e-01 1.115837563118397407e-01 5.331346586914910146e-01 3.338482676685150530e-01 9.538898386953967301e-02 4.501662752466473183e-01
3.000000000000000000e+02 1.000000000000000000e+00 1.000000000000000056e-01 2.324007361270896865e+02 5.486425843946823733e+01 2.996997111175028294e+02 2.326115764682554072e+02 5.491214070688729976e+01 2.999660421292907131e+02 5.822893412637202282e-01 1.623950779351201745e-01 7.813281663798371524e-01 4.867717390064498773e-01 1.383872088229113895e-01 6.685743502239678282e-01
4.000000000000000000e+02 1.000000000000000000e+00 1.000000000000000056e-01 3.064862657700153363e+02 7.168298440427902563e+01 3.995849954174584013e+02 3.067509040047988265e+02 7.174558755765670526e+01 3.999250303906472936e+02 7.477029858156789555e-01 2.109329871613339069e-01 1.020719464196991888e+00 6.326048207668988343e-01 1.790789114748405908e-01 8.832929890740903733e-01
5.000000000000000000e+02 1.000000000000000000e+00 1.000000000000000056e-01 3.792191776981309204e+02 8.789096333338497402e+01 4.994621638674919382e+02 3.795318533004842152e+02 8.796755265107708510e+01 4.998700798925356708e+02 9.035706776810349394e-01 2.575079132138242688e-01 1.252682271929128621e+00 7.723580231074552715e-01 2.177538107097446440e-01 1.094608207239318398e+00
6.000000000000000000e+02 1.000000000000000000e+00 1.000000000000000056e-01 4.507453001310328773e+02 1.035450785546672705e+02 5.993311857555497681e+02 4.511011514742720578e+02 1.036349458651912556e+02 5.998018353489889023e+02 1.051439841390490404e+00 3.023283441899149993e-01 1.478217112813340117e+00 9.067981958735056303e-01 2.546196828633581211e-01 1.302739003275279694e+00
7.000000000000000000e+02 1.000000000000000000e+00 1.000000000000000056e-01 5.211853569619314612e+02 1.186938724977663639e+02 6.991920991788553010e+02 5.215802264348336621e+02 1.187963481967768899e+02 6.997208870736078552e+02 1.192473696854625675e+00 3.455510066542470393e-01 1.698088674152420374e+00 1.036530823828411441e+00 2.898390179430329061e-01 1.507866992681061280e+00
8.000000000000000000e+02 1.000000000000000000e+00 1.000000000000000056e-01 5.906406414112090033e+02 1.333791597038000134e+02 7.990449763449176999e+02 5.910709351376526683e+02 1.334936168391593867e+02 7.996277672905366671e+02 1.327574743621056985e+00 3.873026717806820063e-01 1.912900579314847915e+00 1.162047038986070646e+00 3.235459974769540614e-01 1.710149461379427249e+00
9.000000000000000000e+02 1.000000000000000000e+00 1.000000000000000056e-01 6.591971432978605208e+02 1.476372641077048229e+02 8.988899065480781019e+02 6.596597263053564575e+02 1.477631186330237369e+02 8.995229539301111572e+02 1.457460381346897593e+00 4.276907431610381116e-01 2.123140998338298502e+00 1.283753191490066392e+00 3.558553224859393183e-01 1.909725924020634791e+00
1.000000000000000000e+03 1.000000000000000000e+00 1.000000000000000056e-01 7.269286141924484355e+02 1.614999801027261697e+02 9.987269871683748761e+02 7.274207299952424819e+02 1.616366892660176404e+02 9.994068764644093790e+02 1.582712156191149244e+00 4.668088763092985150e-01 2.329212487602309256e+00 1.401990710052156253e+00 3.868672508926309095e-01 2.106721844601875837e+00
1.000000000000000000e+02 1.000000000000000000e+00 2.000000000000000111e-01 6.772081733836633077e+01 3.118148902295228453e+01 9.988945794455672456e+01 6.777993117616577479e+01 3.119987029265939071e+01 9.996751324086051227e+01 1.641606322337638146e-01 7.728635493042766702e-02 2.376958640500727860e-01 1.384459291492685928e-01 7.087200449332316243e-02 2.132561163637130552e-01
2.000000000000000000e+02 1.000000000000000000e+00 2.000000000000000111e-01 1.342801304442398873e+02 6.123965106146511062e+01 1.997737660007630325e+02 1.343900119858641062e+02 6.127610310134736693e+01 1.999226215048435336e+02 3.148838315834479040e-01 1.487900962834171059e-01 4.633237212365539648e-01 2.692472809747218365e-01 1.364550472958359906e-01 4.211954517973553469e-01
3.000000000000000000e+02 1.000000000000000000e+00 2.000000000000000111e-01 1.998171277261036778e+02 9.028883063926318187e+01 2.996514270587274495e+02 1.999714282620230392e+02 9.034263955513004873e+01 2.998649329101612580e+02 4.555859414913485672e-01 2.165874243623321094e-01 6.802290025916729599e-01 3.939039347353207599e-01 1.981280283073310611e-01 6.248308603161117913e-01
4.000000000000000000e+02 1.000000000000000000e+00 2.000000000000000111e-01 2.644443344767007602e+02 1.184242005069774137e+02 3.995219878080071112e+02 2.646378835862896040e+02 1.184945953408752644e+02 3.997947529423278183e+02 5.881713749733636920e-01 2.815626800312080458e-01 8.900371078250411960e-01 5.133469901466704011e-01 2.565732680513729269e-01 8.246585380387599917e-01
5.000000000000000000e+02 1.000000000000000000e+00 2.000000000000000111e-01 3.282540892338965364e+02 1.457260494761293330e+02 4.993852628399548621e+02 3.284825572362901198e+02 1.458122683495097931e+02 4.997124928648916580e+02 7.139648240509288701e-01 3.442389191954123295e-01 1.093832201374050239e+00 6.282666293906786770e-01 3.122447380946817286e-01 1.021024714363932384e+00
6.000000000000000000e+02 1.000000000000000000e+00 2.000000000000000111e-01 3.916567848236654186e+02 1.722382310559217728e+02 5.995616338777226701e+02 3.913210871272631834e+02 1.721953420415104006e+02 5.991709676645571108e+02 8.381268217848694135e-01 2.483553884760229258e-01 1.230606323544020775e+00 7.750020361841484240e-01 3.979244169758909266e-01 1.268987106589618996e+00
7.000000000000000000e+02 1.000000000000000000e+00 2.000000000000000111e-01 4.540912451155458598e+02 1.980644321633827474e+02 6.994500866911730554e+02 4.537055206982513482e+02 1.980142655422220628e+02 6.989957215412391633e+02 9.600206281185987844e-01 2.784522809608216409e-01 1.422467984019420539e+00 8.855485931487684370e-01 4.536083523688015928e-01 1.467228709955603838e+00
8.000000000000000000e+02 1.000000000000000000e+00 2.000000000000000111e-01 5.159027763279424335e+02 2.232363253654131086e+02 7.993285213322371874e+02 5.154687034687491405e+02 2.231790880016459084e+02 7.988114465917003599e+02 1.078222751079141783e+00 3.067117841614749874e-01 1.611328134935275713e+00 9.922465519898844288e-01 5.069466165707702254e-01 1.662098452918068014e+00
9.000000000000000000e+02 1.000000000000000000e+00 2.000000000000000111e-01 5.771395080799799189e+02 2.477992634404894261e+02 8.991972540140122874e+02 5.766586806210531222e+02 2.477351617586227235e+02 8.986184983437102574e+02 1.193047436130030503e+00 3.333790534522299009e-01 1.797360851471491605e+00 1.095474400456851072e+00 5.581443459143303754e-01 1.853778701625236947e+00
1.000000000000000000e+03 1.000000000000000000e+00 2.000000000000000111e-01 6.378433061807758122e+02 2.717933740540752297e+02 9.990565747489198429e+02 6.373172325567467169e+02 2.717226092817471681e+02 9.984171828976644747e+02 1.304763442226521519e+00 3.586556344204619440e-01 1.980718804164897762e+00 1.195556941769777337e+00 6.073805467174595574e-01 2.042441503131984248e+00
1.000000000000000000e+02 1.000000000000000000e+00 5.000000000000000000e-01 4.830662127037908959e+01 5.124535471676595932e+01 9.988599691978359374e+01 4.825629770340329827e+01 5.122600731793513518e+01 9.981590208600421477e+01 1.042201986522162671e-01 7.567663405145316768e-02 1.827101436849642158e-01 8.924564016753683271e-02 9.421118404816677949e-02 1.819933061500614846e-01
2.000000000000000000e+02 1.000000000000000000e+00 5.000000000000000000e-01 9.639049971452294585e+01 1.013847185810531784e+02 1.997639709127562071e+02 9.629139798926816241e+01 1.013456084245453042e+02 1.996235774806361576e+02 2.061412503814161468e-01 1.436142581111149730e-01 3.617838074996181374e-01 1.758251486806491626e-01 1.849573169040831522e-01 3.615878436080579572e-01
3.000000000000000000e+02 1.000000000000000000e+00 5.000000000000000000e-01 1.442685990102146718e+02 1.504943600976046127e+02 2.996337639660978311e+02 1.441222442525284464e+02 1.504358260388228530e+02 2.994236546713517555e+02 3.058646825112555923e-01 2.062566185813173858e-01 5.380945875501293996e-01 2.598664048369030422e-01 2.720490708311297245e-01 5.385117400054725278e-01
4.000000000000000000e+02 1.000000000000000000e+00 5.000000000000000000e-01 1.919555881536518598e+02 1.986414063025594317e+02 3.994954328844495990e+02 1.917634551416338411e+02 1.985639935555318232e+02 3.992164774415417128e+02 4.035147062181992927e-01 2.647106421412194210e-01 7.119811464701354398e-01 3.415454315661499152e-01 3.556991706267666475e-01 7.127675633479919615e-01
5.000000000000000000e+02 1.000000000000000000e+00 5.000000000000000000e-01 2.394642707444178598e+02 2.458852529679812733e+02 4.993490812681426974e+02 2.392277778630632383e+02 2.457895836607280557e+02 4.990023031715317643e+02 4.992106453619964967e-01 3.197042110676072135e-01 8.836557014787428388e-01 4.210320499720746068e-01 4.361675198993215097e-01 8.844171430753874352e-01
6.000000000000000000e+02 1.000000000000000000e+00 5.000000000000000000e-01 2.868059079756920369e+02 2.922788089707630093e+02 5.991948293283405746e+02 2.865264154566396542e+02 2.921655281839911709e+02 5.987813409802135993e+02 5.930633422102176144e-01 3.717709522167841341e-01 1.053273714922371873e+00 4.984830954542158188e-01 5.137081544745615291e-01 1.053544198959067701e+00
7.000000000000000000e+02 1.000000000000000000e+00 5.000000000000000000e-01 3.339904716634901547e+02 3.378694974414289049e+02 6.990328027499857626e+02 3.336692816781709325e+02 3.377392471491296533e+02 6.985537675347425193e+02 6.851747444760335481e-01 4.213245642491519893e-01 1.220958821576663134e+00 5.740416019072264175e-01 5.885555561782727096e-01 1.220240931197188017e+00
8.000000000000000000e+02 1.000000000000000000e+00 5.000000000000000000e-01 3.810268456336694385e+02 3.827000627474337762e+02 7.988631275559506548e+02 3.806652034196710019e+02 3.825534686280523147e+02 7.983197355994102509e+02 7.756383489474950599e-01 4.686970637786050387e-01 1.386814323510742852e+00 6.478375126437522225e-01 6.609217697105989053e-01 1.384601958523256959e+00
9.000000000000000000e+02 1.000000000000000000e+00 5.000000000000000000e-01 4.279229880020246810e+02 4.268092267576072913e+02 8.986859274792710721e+02 4.275220836140971414e+02 4.266468916369954627e+02 8.980793793786342576e+02 8.645398984875761750e-01 5.141613404102903795e-01 1.550929357399949415e+00 7.199888146400541533e-01 7.309970740788113153e-01 1.546721247491445794e+00
1.000000000000000000e+03 1.000000000000000000e+00 5.000000000000000000e-01 4.746860633442174162e+02 4.702322276966908134e+02 9.985013225675776312e+02 4.742470337791596648e+02 4.700547286122018704e+02 9.978328181636019281e+02 9.519581294300617502e-01 5.579456535007965012e-01 1.713382573829506761e+00 7.906027332671076158e-01 7.989518367119947673e-01 1.706690466238721893e+00
1.000000000000000000e+02 1.000000000000000000e+00 1.000000000000000000e+00 3.349172563091283195e+01 6.646119794954553583e+01 9.976891386908714310e+01 3.345672667408494760e+01 6.643727507504380014e+01 9.970949568330188129e+01 6.600145540158733337e-02 8.797775943901464668e-02 1.521717659411393475e-01 5.201898296275071776e-02 9.180959920300420241e-02 1.411583696981655589e-01
2.000000000000000000e+02 1.000000000000000000e+00 1.000000000000000000e+00 6.706740923393874709e+01 1.321359446558210209e+02 1.995321329380381314e+02 6.699844281671930446e+01 1.320891203692612521e+02 1.994144559354737112e+02 1.321348263069422602e-01 1.712798162653826617e-01 3.027859224832349927e-01 1.032737788092316644e-01 1.816678833874849630e-01 2.809807404188175983e-01
3.000000000000000000e+02 1.000000000000000000e+00 1.000000000000000000e+00 1.007223294341208373e+02 1.970551526426641260e+02 2.992896676993303799e+02 1.006202970212338386e+02 1.969864528989018595e+02 2.991148781748098031e+02 1.981453727840950252e-01 2.510056682785599680e-01 4.521323870053691185e-01 1.537990660710198965e-01 2.693342501368538033e-01 4.193696515544023118e-01
4.000000000000000000e+02 1.000000000000000000e+00 1.000000000000000000e+00 1.344521396007268095e+02 2.612476123628346727e+02 3.990415519448806663e+02 1.343178827111833584e+02 2.611580197519263606e+02 3.988107816712177396e+02 2.639327500086275369e-01 3.276844816191616938e-01 6.003287291376839807e-01 2.036180083425634391e-01 3.548405518125499758e-01 5.563252297041110239e-01
5.000000000000000000e+02 1.000000000000000000e+00 1.000000000000000000e+00 1.682528517403374053e+02 3.247401538490171333e+02 4.987878251953761151e+02 1.680871692113531140e+02 3.246306009001305029e+02 4.985021891672259358e+02 3.294382119333925107e-01 4.016888713342868789e-01 7.474514845246739148e-01 2.527519870636963373e-01 4.382700533519288677e-01 6.918691211304316413e-01
6.000000000000000000e+02 1.000000000000000000e+00 1.000000000000000000e+00 2.021207991428051116e+02 3.875578289172104292e+02 5.985285292803699804e+02 2.019244551874685101e+02 3.874291976966147217e+02 5.981891239709983665e+02 3.946235540656002350e-01 4.733105386652061708e-01 8.935585517389225130e-01 3.012218940344055240e-01 5.197207684244993242e-01 8.260314645992312688e-01
7.000000000000000000e+02 1.000000000000000000e+00 1.000000000000000000e+00 2.360526015831186442e+02 4.497240763122281919e+02 6.982637069689611735e+02 2.358263304454699494e+02 4.495772000040450962e+02 6.978716090231989710e+02 4.594628636616018835e-01 5.427897358001921857e-01 1.038697282489499996e+00 3.490483879915984855e-01 5.992932362458455176e-01 9.588462114898131938e-01
8.000000000000000000e+02 1.000000000000000000e+00 1.000000000000000000e+00 2.700451346479135850e+02 5.112608686404194032e+02 7.979934012642247581e+02 2.697896436405370650e+02 5.110965338729947689e+02 7.975496665432688133e+02 5.239383597447658802e-01 6.103302149895883932e-01 1.182908255108030326e+00 3.962518944747877025e-01 6.770855909716457788e-01 1.090348977027461475e+00
9.000000000000000000e+02 1.000000000000000000e+00 1.000000000000000000e+00 3.040955029851148197e+02 5.721888427562493007e+02 8.977176549882321979e+02 3.038114746487685807e+02 5.720077921942294097e+02 8.972233178955859785e+02 5.880379739985290843e-01 6.761080582791467730e-01 1.326227314622945963e+00 4.428525410308745136e-01 7.531914701965316539e-01 1.220575920670754488e+00
1.000000000000000000e+03 1.000000000000000000e+00 1.000000000000000000e+00 3.382010169978125305e+02 6.325274155710376363e+02 9.974365105144656809e+02 3.378891107386136241e+02 6.323303505671325411e+02 9.968925835511978448e+02 6.517538129147165682e-01 7.402774448599472867e-01 1.468686789670159865e+00 4.888700810739783909e-01 8.276991884625602980e-01 1.349563106861887851e+00
1.000000000000000000e+02 1.040000000000000036e+00 0.000000000000000000e+00 9.585037669080324463e+01 0.000000000000000000e+00 9.975890359335231494e+01 9.592425420680832815e+01 0.000000000000000000e+00 9.985989578681339651e+01 4.112926432315238134e-01 0.000000000000000000e+00 4.279185392789044418e-01 2.960135078419472987e-01 0.000000000000000000e+00 3.106419443332088526e-01
2.000000000000000000e+02 1.040000000000000036e+00 0.000000000000000000e+00 1.851383664563750244e+02 0.000000000000000000e+00 1.995032041706728307e+02 1.852613128767760315e+02 0.000000000000000000e+00 1.996934350194816830e+02 7.597475077649989972e-01 0.000000000000000000e+00 8.259302730632753775e-01 5.679118985075081172e-01 0.000000000000000000e+00 6.253591078392045643e-01
3.000000000000000000e+02 1.040000000000000036e+00 0.000000000000000000e+00 2.695381661578164767e+02 0.000000000000000000e+00 2.992440850042533498e+02 2.697029492599558012e+02 0.000000000000000000e+00 2.995175254786722121e+02 1.063571202562497264e+00 0.000000000000000000e+00 1.203645172136182495e+00 8.121338826189575810e-01 0.000000000000000000e+00 9.337656637005099514e-01
4.000000000000000000e+02 1.040000000000000036e+00 0.000000000000000000e+00 3.501657573828043155e+02 0.000000000000000000e+00 3.989850865726862139e+02 3.503683224176100452e+02 0.000000000000000000e+00 3.993363920637826823e+02 1.334191819635566434e+00 0.000000000000000000e+00 1.565048792271161116e+00 1.032436842103806818e+00 0.000000000000000000e+00 1.233400818089285478e+00
5.000000000000000000e+02 1.040000000000000036e+00 0.000000000000000000e+00 4.277864774632450917e+02 0.000000000000000000e+00 4.987273726691691991e+02 4.280235635128925651e+02 0.000000000000000000e+00 4.991513643083862917e+02 1.579273835130602155e+00 0.000000000000000000e+00 1.912523330961829249e+00 1.232795379934317648e+00 0.000000000000000000e+00 1.523544308789003709e+00
6.000000000000000000e+02 1.040000000000000036e+00 0.000000000000000000e+00 5.029444683334972979e+02 0.000000000000000000e+00 5.984711336709892748e+02 5.032130998694563004e+02 0.000000000000000000e+00 5.989627974508982788e+02 1.804143480758170437e+00 0.000000000000000000e+00 2.247784763364897298e+00 1.416547405214830802e+00 0.000000000000000000e+00 1.804144429590640364e+00
7.000000000000000000e+02 1.040000000000000036e+00 0.000000000000000000e+00 5.760398835965727358e+02 0.000000000000000000e+00 6.982161498665559520e+02 5.763372638426008052e+02 0.000000000000000000e+00 6.987706891643186964e+02 2.012638705827241914e+00 0.000000000000000000e+00 2.572205511656744381e+00 1.586353224903671144e+00 0.000000000000000000e+00 2.075446075290557690e+00
8.000000000000000000e+02 1.040000000000000036e+00 0.000000000000000000e+00 6.473757815612750619e+02 0.000000000000000000e+00 7.979620370882829548e+02 6.476992756904361386e+02 0.000000000000000000e+00 7.985749074323014156e+02 2.207614705929878962e+00 0.000000000000000000e+00 2.886939086283145439e+00 1.744311099551148381e+00 0.000000000000000000e+00 2.337827301883129039e+00
9.000000000000000000e+02 1.040000000000000036e+00 0.000000000000000000e+00 7.171875484447326699e+02 0.000000000000000000e+00 8.977083582401203330e+02 7.175346838298715966e+02 0.000000000000000000e+00 8.983752810336551420e+02 2.391253355792973601e+00 0.000000000000000000e+00 3.192976511782571247e+00 1.892083128067022058e+00 0.000000000000000000e+00 2.591719738067756129e+00
1.000000000000000000e+03 1.040000000000000036e+00 0.000000000000000000e+00 7.856619976572450241e+02 0.000000000000000000e+00 9.974546746375486919e+02 7.860304642336370762e+02 0.000000000000000000e+00 9.981716365815871086e+02 2.565259790990905842e+00 0.000000000000000000e+00 3.491177816421036528e+00 2.030999224258628555e+00 0.000000000000000000e+00 2.837568079335094584e+00
1.000000000000000000e+02 1.040000000000000036e+00 1.000000000000000056e-01 6.959634555585175519e+01 2.784968842137538658e+01 9.982135366067338111e+01 6.967283013367212163e+01 2.785126167625295324e+01 9.991708040544565961e+01 2.154329226159813482e-01 1.295415014446912594e-01 3.345006507846782218e-01 1.696972104689874472e-01 7.497942192197946942e-02 2.502416718901658288e-01
2.000000000000000000e+02 1.040000000000000036e+00 1.000000000000000056e-01 1.367758660576240857e+02 5.381377646902341638e+01 1.996323305553986813e+02 1.369134351231862468e+02 5.380603890136847411e+01 1.998098057363573616e+02 4.068235194118234865e-01 2.534540258680895164e-01 6.544736403732620555e-01 3.276379764895135938e-01 1.447598263405667773e-01 4.996604265941845813e-01
3.000000000000000000e+02 1.040000000000000036e+00 1.000000000000000056e-01 2.020576971513692968e+02 7.821390897287845689e+01 2.994362133174642508e+02 2.022484687352003334e+02 7.819243640279400154e+01 2.996874406103820547e+02 5.812262754860101355e-01 3.705115604691019415e-01 9.633336159684049438e-01 4.749242679493309027e-01 2.090413787816730040e-01 7.441332261811189897e-01
4.000000000000000000e+02 1.040000000000000036e+00 1.000000000000000056e-01 2.657953589451389576e+02 1.012892711610798955e+02 3.992344792377036811e+02 2.660339176026336077e+02 1.012518651402978946e+02 3.995533764494531965e+02 7.428771031669288982e-01 4.809328818116797577e-01 1.262894050525218859e+00 6.131099163222600845e-01 2.682749320828461403e-01 9.827116299172168334e-01
5.000000000000000000e+02 1.040000000000000036e+00 1.000000000000000056e-01 3.282424507273635754e+02 1.232231374301915139e+02 4.990279472498309019e+02 3.285245864582692548e+02 1.231686735319866131e+02 4.994094480087824763e+02 8.945814365991325845e-01 5.851859682486914016e-01 1.554443526010324650e+00 7.434468530459259483e-01 3.229747399339504277e-01 1.215133172266676054e+00
6.000000000000000000e+02 1.040000000000000036e+00 1.000000000000000056e-01 3.895881456752297822e+02 1.441596150306975801e+02 5.988170931007388162e+02 3.899103522872994745e+02 1.440875484228424739e+02 5.992567838340344224e+02 1.038311016787990759e+00 6.837803128817838694e-01 1.838986770024122475e+00 8.669242899853403239e-01 3.736284786963425808e-01 1.441399627177415876e+00
7.000000000000000000e+02 1.040000000000000036e+00 1.000000000000000056e-01 4.499779862086942330e+02 1.642144866192442976e+02 6.986021931267816854e+02 4.503372249349052368e+02 1.641246070463402020e+02 6.990961325081591440e+02 1.175507884606711295e+00 7.772038890519805676e-01 2.117338887662529867e+00 9.843349998333544848e-01 4.206762035336676919e-01 1.661634716729251560e+00
8.000000000000000000e+02 1.040000000000000036e+00 1.000000000000000056e-01 5.095267944564898812e+02 1.834824817032680073e+02 7.983834018108872215e+02 5.099203683704479317e+02 1.833747810452242675e+02 7.989280179150381400e+02 1.307258084212248095e+00 8.659037057958716144e-01 2.390174416885755715e+00 1.096325968069035373e+00 4.645071267408220073e-01 1.876022406521610009e+00
9.000000000000000000e+02 1.040000000000000036e+00 1.000000000000000056e-01 5.683270638609759544e+02 2.020423096179824540e+02 8.981607972947509779e+02 5.687525440389953246e+02 2.019169056574083925e+02 8.987528224025514874e+02 1.434398582963060553e+00 9.502820079884483073e-01 2.658058217404973167e+00 1.203434243977110629e+00 5.054624207564116789e-01 2.084776026074014244e+00
1.000000000000000000e+03 1.040000000000000036e+00 1.000000000000000056e-01 6.264546224138974821e+02 2.199602406902634470e+02 9.979344094403213603e+02 6.269098004496280510e+02 2.198173310339238640e+02 9.985708349135011304e+02 1.557586618813978196e+00 1.030698281380533432e+00 2.921467255379177175e+00 1.306112301152319910e+00 5.438400653414211527e-01 2.288121410374335696e+00
1.000000000000000000e+02 1.040000000000000036e+00 2.000000000000000111e-01 5.593793548107867508e+01 4.229028815867003033e+01 9.981830397709946112e+01 5.601012895255781388e+01 4.230681425210229918e+01 9.991863814975583580e+01 1.509242527752705232e-01 1.521188538143411206e-01 2.828633139678022324e-01 1.257598287816248384e-01 8.969016949850099063e-02 2.174827232880026107e-01
2.000000000000000000e+02 1.040000000000000036e+00 2.000000000000000111e-01 1.108675078754628487e+02 8.245515252734755052e+01 1.996288133355307934e+02 1.110022472165515950e+02 8.247514219677873371e+01 1.998165701320441769e+02 2.898110751093621595e-01 3.004581478342880918e-01 5.587952735760578493e-01 2.452220894552199770e-01 1.714654097587409443e-01 4.321643912054397019e-01
3.000000000000000000e+02 1.040000000000000036e+00 2.000000000000000111e-01 1.649690030509472365e+02 1.207998985070271374e+02 2.994328741029908088e+02 1.651601495979195136e+02 1.208167492783206285e+02 2.997001101521239548e+02 4.195230090737275819e-01 4.433922284523159618e-01 8.284469064817591155e-01 3.586798431446381330e-01 2.467509747646048912e-01 6.421413820820984775e-01
4.000000000000000000e+02 1.040000000000000036e+00 2.000000000000000111e-01 2.183722676477951552e+02 1.575587016210027116e+02 3.992312652869792942e+02 2.186151023143727627e+02 1.575683014177711811e+02 3.995718350124871563e+02 5.420298408353416697e-01 5.809502431940768430e-01 1.092506284566284513e+00 4.667771233750612758e-01 3.165924269369376765e-01 8.470797873101748587e-01
5.000000000000000000e+02 1.040000000000000036e+00 2.000000000000000111e-01 2.711747639946974004e+02 1.929164785495716785e+02 4.990244894133688263e+02 2.714654071528760255e+02 1.929160824061438859e+02 4.994332819717288316e+02 6.587297599389136948e-01 7.133835281714913101e-01 1.351557998446560216e+00 5.700899775501850897e-01 3.817773781716924941e-01 1.046977082601577846e+00
6.000000000000000000e+02 1.040000000000000036e+00 2.000000000000000111e-01 3.241607084743031919e+02 2.271823113694493372e+02 5.999213939022523618e+02 3.242284350297904894e+02 2.272591476258643297e+02 6.000848466697302683e+02 8.021260279331045018e-01 4.157657717886216742e-01 1.362138490577633032e+00 7.055688753534768987e-01 5.409592599349372088e-01 1.351626461898376208e+00
7.000000000000000000e+02 1.040000000000000036e+00 2.000000000000000111e-01 3.760692372204533740e+02 2.601651462941573527e+02 6.998622955065467295e+02 3.761433448058516547e+02 2.602470319591915313e+02 7.000457288956948787e+02 9.179801922313197693e-01 4.781182014940349445e-01 1.574286767877942639e+00 8.067909010533524938e-01 6.153778586749273360e-01 1.563617254925931288e+00
8.000000000000000000e+02 1.040000000000000036e+00 2.000000000000000111e-01 4.275564068361621821e+02 2.921200271444274676e+02 7.997928393700422021e+02 4.276359296149015563e+02 2.922053001337266096e+02 7.999943382897536139e+02 1.030102593590456417e+00 5.402332915752986464e-01 1.783189685422059911e+00 9.049043839214909735e-01 6.865407804716813223e-01 1.772299123233608276e+00
9.000000000000000000e+02 1.040000000000000036e+00 2.000000000000000111e-01 4.786625128947988514e+02 3.231350538897598312e+02 8.997135864537568750e+02 4.787465905947705096e+02 3.232222625121881379e+02 8.999313526378101642e+02 1.138837518597824117e+00 6.021601823643534246e-01 1.989108646301948502e+00 1.000244046328269576e+00 7.547403457824444217e-01 1.977851982395134600e+00
1.000000000000000000e+03 1.040000000000000036e+00 2.000000000000000111e-01 5.294212310558908712e+02 3.532858270717462688e+02 9.996250086879290393e+02 5.295090876738864836e+02 3.533737017238112230e+02 9.998573506186917257e+02 1.244482497579834979e+00 6.639004177539622464e-01 2.192275363395136178e+00 1.093085114339603869e+00 8.202264986180255457e-01 2.180439172460344022e+00
1.000000000000000000e+02 1.040000000000000036e+00 5.000000000000000000e-01 3.639718690400733436e+01 6.297972995478659897e+01 9.993231359255234736e+01 3.639778816757630864e+01 6.298325257556631129e+01 9.993476178144524624e+01 9.309245435398878776e-02 1.165163944858273043e-01 2.093833410962909758e-01 7.767588911515210803e-02 1.148713020020799974e-01 1.805464644347440362e-01
2.000000000000000000e+02 1.040000000000000036e+00 5.000000000000000000e-01 7.286997280330399462e+01 1.242983219458152462e+02 1.998523516009846333e+02 7.287111076865785719e+01 1.243067078342844241e+02 1.998583821829163867e+02 1.873980831723353613e-01 2.195104131372086487e-01 4.150458203311915284e-01 1.535617811380587394e-01 2.241799234662754103e-01 3.593617969063966355e-01
3.000000000000000000e+02 1.040000000000000036e+00 5.000000000000000000e-01 1.094110095639291131e+02 1.841016971566509710e+02 2.997623174167067646e+02 1.094125762914306677e+02 1.841145480812727726e+02 2.997719964206870031e+02 2.815992158286894087e-01 3.137990433055986017e-01 6.175789028299150107e-01 2.277473094296927902e-01 3.287775135229558665e-01 5.361006850447229688e-01
4.000000000000000000e+02 1.040000000000000036e+00 5.000000000000000000e-01 1.460139408520536222e+02 2.425122713295900212e+02 3.996632101796350867e+02 1.460158490698927949e+02 2.425287035112030765e+02 3.996762668555344362e+02 3.752279602266920810e-01 4.016890928450230769e-01 8.172500906980734170e-01 3.003223074333407627e-01 4.292582944599267480e-01 7.107067107026792119e-01
5.000000000000000000e+02 1.040000000000000036e+00 5.000000000000000000e-01 1.826732487670105911e+02 2.996348282143458732e+02 4.995556917468246070e+02 1.826754337836931370e+02 2.996537768206448504e+02 4.995716987389687915e+02 4.680435464964323722e-01 4.846980089953308868e-01 1.014259876380409597e+00 3.713729689091126995e-01 5.260932241075738647e-01 8.831926311666783436e-01
6.000000000000000000e+02 1.040000000000000036e+00 5.000000000000000000e-01 2.193840929938288866e+02 3.555601671999070845e+02 5.994402523953997388e+02 2.193865081981816161e+02 3.555805103978746047e+02 5.994587031566342148e+02 5.599120039457120557e-01 5.639124508377245659e-01 1.208778910627104963e+00 4.409811176333393035e-01 6.196662615514673123e-01 1.053599770864131813e+00
7.000000000000000000e+02 1.040000000000000036e+00 5.000000000000000000e-01 2.561421884519545529e+02 4.103677536161785611e+02 6.993172771241445389e+02 2.561448002974506721e+02 4.103883709060029901e+02 6.993376252540197129e+02 6.507588473131994400e-01 6.401430109086521103e-01 1.400959389683192002e+00 5.092237674024565619e-01 7.102955548914047235e-01 1.221982561586575367e+00
8.000000000000000000e+02 1.040000000000000036e+00 5.000000000000000000e-01 2.929437120334572455e+02 4.641277221746655073e+02 7.991870795960237501e+02 2.929464957259042990e+02 4.641475234380481538e+02 7.992087606437198701e+02 7.405456277991012692e-01 7.140088144321198316e-01 1.590939625904855159e+00 5.761729380959620395e-01 7.982480185513175508e-01 1.388401160359180597e+00
9.000000000000000000e+02 1.040000000000000036e+00 5.000000000000000000e-01 3.297852302078529760e+02 5.169024277998220214e+02 8.990499220153070610e+02 3.297881663022610041e+02 5.169203678187692503e+02 8.990723662209665008e+02 8.292567771911564245e-01 7.859899242294562383e-01 1.778846307389577053e+00 6.418956666615456275e-01 8.837499763117850904e-01 1.552917514838258128e+00
1.000000000000000000e+03 1.040000000000000036e+00 5.000000000000000000e-01 3.666636417829671473e+02 5.687476677821475732e+02 9.989060277990425902e+02 3.666667136106112821e+02 5.687627530603725745e+02 9.989286678072044197e+02 9.168916407247088562e-01 8.564623501049953846e-01 1.964795866983077621e+00 7.064541567729201166e-01 9.669951694384962826e-01 1.715593147938462071e+00
1.000000000000000000e+02 1.040000000000000036e+00 1.000000000000000000e+00 2.345471474273884027e+01 7.644415774946656938e+01 9.980752249286224753e+01 2.345380344113897308e+01 7.643380133013326372e+01 9.979529304295884629e+01 5.358885338491736067e-02 1.298552343872156067e-01 1.805032128305528449e-01 4.673760898637367711e-02 9.887414154841972502e-02 1.349688152828113497e-01
2.000000000000000000e+02 1.040000000000000036e+00 1.000000000000000000e+00 4.714954367658769741e+01 1.519148015701862846e+02 1.996087215666852899e+02 4.714741315908705843e+01 1.518955483347636743e+02 1.995849603850894027e+02 1.091659871134831039e-01 2.515314587276525904e-01 3.589331293647368692e-01 9.344618799103572571e-02 1.944652153548280527e-01 2.689187946819776021e-01
3.000000000000000000e+02 1.040000000000000036e+00 1.000000000000000000e+00 7.107138012728007936e+01 2.264538246144671234e+02 2.994043619364970823e+02 7.106792863680078653e+01 2.264261571764278642e+02 2.993693770594456964e+02 1.659650384302582271e-01 3.670487565611800229e-01 5.356236969702380391e-01 1.400279936049645957e-01 2.871879892980283566e-01 4.017744376933196082e-01
4.000000000000000000e+02 1.040000000000000036e+00 1.000000000000000000e+00 9.520825922096010174e+01 3.000995188636524631e+02 3.991947585671678098e+02 9.520346456933707202e+01 3.000635739383169494e+02 3.991487196939283990e+02 2.236650653844059478e-01 4.773486925865079722e-01 7.107136966092335584e-01 1.864222814392851868e-01 3.773148642061647795e-01 5.335209115498350529e-01
5.000000000000000000e+02 1.040000000000000036e+00 1.000000000000000000e+00 1.195492304725250108e+02 3.728873119706745456e+02 4.989801124226243587e+02 1.195431150461310494e+02 3.728430406363789871e+02 4.989231128688637114e+02 2.820599200194481848e-01 5.830878894314706073e-01 8.842975875266132491e-01 2.325842303597890071e-01 4.650696220255574054e-01 6.641590811951871842e-01
6.000000000000000000e+02 1.040000000000000036e+00 1.000000000000000000e+00 1.440842406221029535e+02 4.448501132764783392e+02 5.987605699457428727e+02 1.440768544789719101e+02 4.447973547751602155e+02 5.986926549390284436e+02 3.409995699698846749e-01 6.847784260096192455e-01 1.056450175107841005e+00 2.784796117141709049e-01 5.506446182942782430e-01 7.936971913058172845e-01
7.000000000000000000e+02 1.040000000000000036e+00 1.000000000000000000e+00 1.688040328522743323e+02 5.160185788481519467e+02 6.985362454311388092e+02 1.687954440216487626e+02 5.159571015489387946e+02 6.984574278871994011e+02 4.003678758244528790e-01 7.828412706452824166e-01 1.227235208295671898e+00 3.240820142280269600e-01 6.342082597587934689e-01 9.221476366257851387e-01
8.000000000000000000e+02 1.040000000000000036e+00 1.000000000000000000e+00 1.937000600700277175e+02 5.864213334800321036e+02 7.983072319423587260e+02 1.936903484500081731e+02 5.863508599646247603e+02 7.982175022519788854e+02 4.600716400976628262e-01 8.776329303923020575e-01 1.396709245282223621e+00 3.693710515471902434e-01 7.159094535074775889e-01 1.049525336392219454e+00
9.000000000000000000e+02 1.040000000000000036e+00 1.000000000000000000e+00 2.187644099879491648e+02 6.560851623173792859e+02 8.980736075017966868e+02 2.187536632759764075e+02 6.560053856995758679e+02 8.979729400142871327e+02 5.200343207628405073e-01 9.694610233883391714e-01 1.564923672167403801e+00 4.143310870039558225e-01 7.958807180994958985e-01 1.175846790075619319e+00
1.000000000000000000e+03 1.040000000000000036e+00 1.000000000000000000e+00 2.439897401184149714e+02 7.250351785154230129e+02 9.978354389554079944e+02 2.439780509830777078e+02 7.249457734933978372e+02 9.977237964641001327e+02 5.801920436646864632e-01 1.058594384724578008e+00 1.731925871466922784e+00 4.589502793146711390e-01 8.742405621541429195e-01 1.301129473358504596e+00
